function fx =fun20222023(x)
fx = 145*x.^4 + 953*x.^3 + 544*x.^2 - 1335*x - 945

end


